i-661af305,Name,bilbo
i-661af305,group,first
i-641af307,group,first
i-641af307,Name,frodo
